# Time-averaged data for fix 1
# TimeStep v_sim_time v_T_trans v_T_rot
0 0 298.485 101.015
100 1e-05 298.773 101.098
200 2e-05 296.411 104.472
300 3e-05 293.665 108.186
400 4e-05 291.508 111.41
500 5e-05 288.836 114.297
600 6e-05 285.958 118.372
700 7e-05 284.916 121.298
800 8e-05 282.671 124.213
900 9e-05 280.878 126.603
1000 0.0001 279.163 130.974
1100 0.00011 277.959 132.405
1200 0.00012 275.246 135.754
1300 0.00013 273.974 137.772
1400 0.00014 271.771 141.285
1500 0.00015 269.943 142.932
1600 0.00016 268.757 146.925
1700 0.00017 266.864 148.364
1800 0.00018 265.173 150.857
1900 0.00019 263.182 152.563
2000 0.0002 262.335 154.56
2100 0.00021 262.374 156.497
2200 0.00022 260.004 158.227
2300 0.00023 259.191 160.581
2400 0.00024 257.503 162.216
2500 0.00025 256.971 163.748
2600 0.00026 255.31 165.315
2700 0.00027 253.974 167.916
2800 0.00028 253.393 168.667
2900 0.00029 251.934 171.122
3000 0.0003 251.262 171.864
3100 0.00031 250 173.485
3200 0.00032 249.346 174.868
3300 0.00033 247.753 176.847
3400 0.00034 247.833 177.646
3500 0.00035 245.599 179.005
3600 0.00036 246.239 180.892
3700 0.00037 245.783 180.714
3800 0.00038 244.448 182.459
3900 0.00039 244.104 183.168
4000 0.0004 242.408 184.822
4100 0.00041 242.02 186.079
4200 0.00042 241.36 186.826
4300 0.00043 240.494 187.708
4400 0.00044 240.351 189.035
4500 0.00045 239.79 189.751
4600 0.00046 238.149 190.794
4700 0.00047 238.466 190.813
4800 0.00048 237.67 191.525
4900 0.00049 237.317 192.762
5000 0.0005 235.565 194.391
5100 0.00051 236.549 194.42
5200 0.00052 235.803 194.869
5300 0.00053 234.537 195.862
5400 0.00054 234.586 196.885
5500 0.00055 234.505 197.8
5600 0.00056 233.313 198.085
5700 0.00057 233.333 198.804
5800 0.00058 232.877 199.949
5900 0.00059 231.803 200.6
6000 0.0006 230.942 201.915
6100 0.00061 231.567 201.788
6200 0.00062 230.814 202.986
6300 0.00063 230.361 202.823
6400 0.00064 229.848 204.886
6500 0.00065 229.063 204.756
6600 0.00066 229.517 204.634
6700 0.00067 229.759 204.449
6800 0.00068 229.394 204.742
6900 0.00069 228.479 205.56
7000 0.0007 228.265 206.405
7100 0.00071 228.109 206.772
7200 0.00072 228.125 206.992
7300 0.00073 227.839 207.392
7400 0.00074 227.928 206.865
7500 0.00075 227.923 207.124
7600 0.00076 226.885 207.761
7700 0.00077 227.603 208.313
7800 0.00078 227.198 207.959
7900 0.00079 226.586 208.83
8000 0.0008 226.48 209.154
8100 0.00081 226.51 208.737
8200 0.00082 226.268 208.702
8300 0.00083 226.299 208.568
8400 0.00084 225.954 210.652
8500 0.00085 225.709 210.431
8600 0.00086 225.362 210.762
8700 0.00087 225.596 210.612
8800 0.00088 224.977 210.428
8900 0.00089 225.138 211.484
9000 0.0009 224.699 211.785
9100 0.00091 223.99 212.011
9200 0.00092 224.304 212.249
9300 0.00093 224.107 212.325
9400 0.00094 223.933 212.717
9500 0.00095 224.693 213.418
9600 0.00096 224.678 212.706
9700 0.00097 223.862 213.214
9800 0.00098 223.796 212.848
9900 0.00099 223.364 213.326
10000 0.001 223.58 213.421
10100 0.00101 223.218 213.336
10200 0.00102 222.557 214.686
10300 0.00103 222.767 215.12
10400 0.00104 222.391 214.362
10500 0.00105 223.757 214.324
10600 0.00106 223.164 214.008
10700 0.00107 223.051 213.382
10800 0.00108 222.857 214.653
10900 0.00109 222.931 214.24
11000 0.0011 222.674 214.447
11100 0.00111 222.44 215.14
11200 0.00112 222.651 214.686
11300 0.00113 222.591 214.87
11400 0.00114 222.415 215.567
11500 0.00115 222.362 214.624
11600 0.00116 222.669 215.076
11700 0.00117 221.949 215.783
11800 0.00118 222.539 215.47
11900 0.00119 222.104 215.823
12000 0.0012 221.412 217.267
12100 0.00121 221.866 216.575
12200 0.00122 221.265 217.134
12300 0.00123 220.959 217.025
12400 0.00124 220.996 217.675
12500 0.00125 221.791 216.804
12600 0.00126 221.592 216.411
12700 0.00127 221.646 215.903
12800 0.00128 221.067 217.168
12900 0.00129 221.857 216.398
13000 0.0013 221.105 216.485
13100 0.00131 221.803 216.213
13200 0.00132 221.1 216.926
13300 0.00133 221.039 217.054
13400 0.00134 220.896 217.814
13500 0.00135 221.339 217.225
13600 0.00136 221.721 217.319
13700 0.00137 220.864 216.549
13800 0.00138 221.536 216.923
13900 0.00139 220.911 216.271
14000 0.0014 221.256 216.96
14100 0.00141 221.68 216.498
14200 0.00142 221.509 216.941
14300 0.00143 221.448 216.34
14400 0.00144 221.811 216.134
14500 0.00145 221.292 216.747
14600 0.00146 220.748 216.697
14700 0.00147 221.191 216.7
14800 0.00148 220.765 217.266
14900 0.00149 220.31 217.191
15000 0.0015 221.416 217.245
15100 0.00151 221.266 217.02
15200 0.00152 220.76 217.886
15300 0.00153 221.029 217.637
15400 0.00154 221.007 217.262
15500 0.00155 220.427 218.175
15600 0.00156 220.448 218.346
15700 0.00157 220.194 218.836
15800 0.00158 220.274 218.462
15900 0.00159 220.268 217.829
16000 0.0016 221.15 217.769
16100 0.00161 220.506 217.898
16200 0.00162 220.81 217.277
16300 0.00163 220.793 218.242
16400 0.00164 220.231 218.074
16500 0.00165 219.718 218.913
16600 0.00166 220.652 218.138
16700 0.00167 220.457 218.224
16800 0.00168 220.607 217.934
16900 0.00169 220.295 217.93
17000 0.0017 219.666 218.652
17100 0.00171 219.604 218.475
17200 0.00172 219.699 218.954
17300 0.00173 219.775 219.391
17400 0.00174 219.34 219.772
17500 0.00175 219.535 220.058
17600 0.00176 218.913 219.682
17700 0.00177 219.477 219.548
17800 0.00178 219.775 220.212
17900 0.00179 218.946 220.343
18000 0.0018 219.83 219.666
18100 0.00181 219.312 219.65
18200 0.00182 219.005 220.274
18300 0.00183 219.278 219.875
18400 0.00184 218.776 219.811
18500 0.00185 219.749 219.975
18600 0.00186 218.513 220.41
18700 0.00187 219.022 220.857
18800 0.00188 218.976 220.468
18900 0.00189 218.768 220.364
19000 0.0019 218.607 220.373
19100 0.00191 218.17 221.325
19200 0.00192 218.309 219.923
19300 0.00193 219.245 220.489
19400 0.00194 218.87 220.809
19500 0.00195 218.798 220.076
19600 0.00196 219.235 220.429
19700 0.00197 218.899 219.866
19800 0.00198 218.512 220.729
19900 0.00199 219.077 219.89
20000 0.002 218.64 220.657
