# Time-averaged data for fix 1
# TimeStep v_sim_time v_T_trans v_T_rot
0 0 298.485 101.015
100 1e-06 298.836 100.878
200 2e-06 298.883 100.814
300 3e-06 294.035 107.825
400 4e-06 293.995 108.099
500 5e-06 291.596 111.848
600 6e-06 289.651 115.186
700 7e-06 288.468 115.559
800 8e-06 284.015 120.958
900 9e-06 284.684 122.02
1000 1e-05 282.544 125.16
1100 1.1e-05 280.857 127.542
1200 1.2e-05 280.08 128.478
1300 1.3e-05 277.531 132.425
1400 1.4e-05 276.891 133.639
1500 1.5e-05 274.934 136.04
1600 1.6e-05 273.887 137.592
1700 1.7e-05 273.09 139.496
1800 1.8e-05 270.678 142.365
1900 1.9e-05 270.314 143.661
2000 2e-05 268.675 146.473
2100 2.1e-05 267.425 148.486
2200 2.2e-05 266.284 149.602
2300 2.3e-05 264.515 152.351
2400 2.4e-05 263.435 153.607
2500 2.5e-05 262.863 155.232
2600 2.6e-05 260.967 156.934
2700 2.7e-05 260.23 158.212
2800 2.8e-05 259.176 159.802
2900 2.9e-05 258.909 161.06
3000 3e-05 256.477 163.122
3100 3.1e-05 256.626 164.118
3200 3.2e-05 255.514 165.634
3300 3.3e-05 254.207 166.774
3400 3.4e-05 253.808 168.233
3500 3.5e-05 252.782 169.482
3600 3.6e-05 251.607 170.64
3700 3.7e-05 250.995 172.058
3800 3.8e-05 250.877 172.668
3900 3.9e-05 250.955 173.771
4000 4e-05 249.74 175.028
4100 4.1e-05 247.769 176.465
4200 4.2e-05 247.112 177.648
4300 4.3e-05 245.718 179.569
4400 4.4e-05 245.149 180.661
4500 4.5e-05 245.243 182.008
4600 4.6e-05 244.601 182.232
4700 4.7e-05 243.595 183.691
4800 4.8e-05 242.815 184.169
4900 4.9e-05 242.309 184.527
5000 5e-05 241.92 185.129
5100 5.1e-05 241.379 186.115
5200 5.2e-05 240.749 186.22
5300 5.3e-05 240.092 188.783
5400 5.4e-05 240.351 188.936
5500 5.5e-05 239.387 189.617
5600 5.6e-05 238.599 190.351
5700 5.7e-05 238.611 190.223
5800 5.8e-05 238.414 191.561
5900 5.9e-05 237.338 191.69
6000 6e-05 237.035 192.583
6100 6.1e-05 237.007 192.282
6200 6.2e-05 237.495 193.604
6300 6.3e-05 236.2 194.18
6400 6.4e-05 235.641 194.873
6500 6.5e-05 235.785 195.82
6600 6.6e-05 234.846 196.824
6700 6.7e-05 234.198 197.648
6800 6.8e-05 234.316 197.38
6900 6.9e-05 233.735 198.387
7000 7e-05 233.402 198.546
7100 7.1e-05 232.566 199.838
7200 7.2e-05 232.465 200.637
7300 7.3e-05 231.694 200.693
7400 7.4e-05 231.949 201.596
7500 7.5e-05 231.403 201.409
7600 7.6e-05 230.46 202.518
7700 7.7e-05 230.127 203.339
7800 7.8e-05 230.106 203.989
7900 7.9e-05 230.452 204.302
8000 8e-05 229.758 204.53
8100 8.1e-05 228.977 205.707
8200 8.2e-05 228.635 205.242
8300 8.3e-05 228.507 205.09
8400 8.4e-05 228.434 206.371
8500 8.5e-05 228.288 205.178
8600 8.6e-05 228.259 205.623
8700 8.7e-05 228.432 207.038
8800 8.8e-05 227.404 206.813
8900 8.9e-05 227.866 208.119
9000 9e-05 228.069 207.737
9100 9.1e-05 227.716 208.201
9200 9.2e-05 226.564 208.149
9300 9.3e-05 226.875 208.393
9400 9.4e-05 226.997 208.62
9500 9.5e-05 227.019 209.182
9600 9.6e-05 225.945 209.066
9700 9.7e-05 225.764 209.981
9800 9.8e-05 225.645 210.623
9900 9.9e-05 225.617 210.634
10000 0.0001 225.727 211.317
10100 0.000101 225.745 211.259
10200 0.000102 225.395 210.304
10300 0.000103 224.669 210.725
10400 0.000104 224.799 210.96
10500 0.000105 225.168 211.459
10600 0.000106 224.727 211.893
10700 0.000107 225.431 211.922
10800 0.000108 224.847 211.391
10900 0.000109 225.384 210.966
11000 0.00011 225.209 212.082
11100 0.000111 224.046 212.414
11200 0.000112 223.638 213.057
11300 0.000113 223.151 213.216
11400 0.000114 223.399 213.881
11500 0.000115 224.012 212.582
11600 0.000116 223.51 213.395
11700 0.000117 222.946 213.265
11800 0.000118 223.338 214.474
11900 0.000119 222.912 214.429
12000 0.00012 222.738 214.226
12100 0.000121 223.097 214.435
12200 0.000122 222.97 214.469
12300 0.000123 222.505 214.102
12400 0.000124 222.852 214.235
12500 0.000125 222.937 214.83
12600 0.000126 221.869 214.812
12700 0.000127 222.487 214.649
12800 0.000128 222.365 215.159
12900 0.000129 221.424 216.156
13000 0.00013 221.239 216.268
13100 0.000131 222.35 215.529
13200 0.000132 222.432 215.822
13300 0.000133 222.047 215.314
13400 0.000134 222.229 216.712
13500 0.000135 221.684 216.467
13600 0.000136 221.672 216.613
13700 0.000137 221.165 216.609
13800 0.000138 222.125 216.72
13900 0.000139 221.58 216.198
14000 0.00014 221.818 215.808
14100 0.000141 221.75 215.929
14200 0.000142 221.579 215.814
14300 0.000143 222.143 215.462
14400 0.000144 222.368 215.2
14500 0.000145 221.749 216.013
14600 0.000146 222.093 216.071
14700 0.000147 221.857 215.126
14800 0.000148 221.869 216.287
14900 0.000149 221.638 215.999
15000 0.00015 221.733 215.613
15100 0.000151 222.26 215.482
15200 0.000152 222.442 215.005
15300 0.000153 221.516 216.989
15400 0.000154 221.646 215.986
15500 0.000155 221.398 216.403
15600 0.000156 221.179 216.998
15700 0.000157 221.141 216.742
15800 0.000158 221.179 216.536
15900 0.000159 220.967 217.313
16000 0.00016 220.938 216.851
16100 0.000161 220.985 216.809
16200 0.000162 221.306 217.337
16300 0.000163 220.959 217.226
16400 0.000164 220.99 216.552
16500 0.000165 221.178 217.214
16600 0.000166 221.21 217.295
16700 0.000167 221.34 217.028
16800 0.000168 220.757 217.681
16900 0.000169 220.588 218.356
17000 0.00017 220.529 217.755
17100 0.000171 220.549 218.392
17200 0.000172 219.924 218.501
17300 0.000173 220.367 218.122
17400 0.000174 220.059 217.746
17500 0.000175 220.326 218.62
17600 0.000176 220.21 217.933
17700 0.000177 220.343 218.278
17800 0.000178 220.293 217.012
17900 0.000179 220.903 218.209
18000 0.00018 221.138 217.428
18100 0.000181 220.846 217.139
18200 0.000182 220.955 217.215
18300 0.000183 220.88 217.072
18400 0.000184 221.522 217.405
18500 0.000185 221.46 217.184
18600 0.000186 221.205 216.883
18700 0.000187 221.166 217.435
18800 0.000188 221.231 217.461
18900 0.000189 221.15 216.816
19000 0.00019 221.059 217.225
19100 0.000191 220.981 218.427
19200 0.000192 221.662 216.632
19300 0.000193 220.963 217.99
19400 0.000194 221.19 217.551
19500 0.000195 221.078 216.955
19600 0.000196 220.873 217.337
19700 0.000197 220.269 218.161
19800 0.000198 220.459 217.201
19900 0.000199 221.015 217.449
20000 0.0002 220.44 217.626
